-0.036298 1.311908 
0.370681 1.821205 
-1.225608 -1.209862 
0.167192 1.566557 
0.370681 1.821205 
-0.427463 0.305672 
0.167192 1.566557 
0.370681 1.821205 
0.965337 3.082091 
1.168826 3.336739 
0.370681 1.821205 
0.965337 3.082091 
1.168826 3.336739 
0.718881 2.515310 
0.965337 3.082091 
1.005468 3.067720 
0.718881 2.515310 
0.965337 3.082091 
1.005468 3.067720 
0.852142 2.795108 
0.965337 3.082091 
1.005468 3.067720 
0.852142 2.795108 
0.892273 2.780737 
0.938838 2.927821 
0.852142 2.795108 
0.892273 2.780737 
0.938838 2.927821 
1.042382 2.972622 
0.892273 2.780737 
1.024307 2.774396 
1.042382 2.972622 
0.892273 2.780737 
1.024307 2.774396 
1.042382 2.972622 
1.315488 3.059052 
1.024307 2.774396 
1.424930 2.804928 
1.315488 3.059052 
1.716111 3.089584 
1.424930 2.804928 
1.315488 3.059052 
1.716111 3.089584 
1.424930 2.804928 
2.080584 2.723664 
1.716111 3.089584 
2.371764 3.008320 
2.080584 2.723664 
2.736237 2.642401 
2.371764 3.008320 
2.080584 2.723664 
2.736237 2.642401 
2.481702 2.032456 
2.080584 2.723664 
2.736237 2.642401 
2.481702 2.032456 
3.137356 1.951193 
2.882821 1.341248 
2.481702 2.032456 
3.137356 1.951193 
2.882821 1.341248 
2.745896 1.839338 
3.137356 1.951193 
2.912224 1.618257 
2.745896 1.839338 
3.137356 1.951193 
2.912224 1.618257 
2.885343 1.812032 
3.137356 1.951193 
3.110475 2.144967 
2.885343 1.812032 
3.137356 1.951193 
3.110475 2.144967 
3.004629 1.930056 
3.137356 1.951193 
3.090734 2.042796 
3.004629 1.930056 
3.137356 1.951193 
3.090734 2.042796 
3.004629 1.930056 
2.958007 2.021659 
3.036026 2.009327 
3.004629 1.930056 
2.958007 2.021659 
3.036026 2.009327 
3.000823 1.972774 
2.958007 2.021659 
3.007721 2.003272 
3.000823 1.972774 
2.958007 2.021659 
3.007721 2.003272 
3.000823 1.972774 
2.981139 2.004841 
3.007721 2.003272 
2.997627 1.988415 
2.981139 2.004841 
3.007721 2.003272 
2.997627 1.988415 
2.991907 2.000342 
3.007721 2.003272 
2.998720 1.995111 
2.991907 2.000342 
3.001517 2.000499 
2.998720 1.995111 
2.991907 2.000342 
3.001517 2.000499 
2.998720 1.995111 
2.996013 1.999074 
3.001517 2.000499 
2.998720 1.995111 
3.004224 1.996537 
3.001517 2.000499 
3.000795 1.996814 
3.004224 1.996537 
3.001517 2.000499 
3.000795 1.996814 
2.998088 2.000777 
3.001517 2.000499 
3.000299 1.998726 
2.998088 2.000777 
3.001517 2.000499 
3.000299 1.998726 
2.999498 2.000195 
3.000708 1.999980 
3.000299 1.998726 
2.999498 2.000195 
3.000708 1.999980 
3.000201 1.999407 
2.999498 2.000195 
3.000279 1.999890 
3.000201 1.999407 
2.999498 2.000195 
3.000279 1.999890 
3.000201 1.999407 
2.999869 1.999922 
3.000279 1.999890 
2.999946 2.000405 
2.999869 1.999922 
3.000093 2.000027 
2.999946 2.000405 
2.999869 1.999922 
3.000093 2.000027 
2.999964 2.000190 
2.999869 1.999922 
3.000093 2.000027 
2.999964 2.000190 
2.999949 2.000015 
3.000093 2.000027 
3.000078 1.999852 
2.999949 2.000015 
3.000053 1.999980 
3.000078 1.999852 
2.999949 2.000015 
3.000053 1.999980 
3.000039 1.999925 
2.999949 2.000015 
3.000053 1.999980 
2.999962 2.000070 
2.999949 2.000015 
