4.000000 -4.000000 
-4.000000 4.000000 
-4.000000 -4.000000 
0.000000 -4.000000 
-4.000000 0.000000 
-4.000000 -4.000000 
-2.000000 -3.000000 
-4.000000 0.000000 
-4.000000 -4.000000 
-2.000000 -3.000000 
-3.500000 -1.750000 
-4.000000 -4.000000 
-2.875000 -2.937500 
-3.500000 -1.750000 
-4.000000 -4.000000 
-2.875000 -2.937500 
-3.468750 -2.609375 
-4.000000 -4.000000 
-3.304688 -3.121094 
-3.468750 -2.609375 
-4.000000 -4.000000 
-3.304688 -3.121094 
-3.468750 -2.609375 
-3.693359 -3.432617 
-3.304688 -3.121094 
-3.483887 -2.943115 
-3.693359 -3.432617 
-3.872559 -3.254639 
-3.483887 -2.943115 
-3.693359 -3.432617 
-3.872559 -3.254639 
-3.633423 -3.143372 
-3.693359 -3.432617 
-3.872559 -3.254639 
-3.633423 -3.143372 
-3.723175 -3.315811 
-3.872559 -3.254639 
-3.715645 -3.214298 
-3.723175 -3.315811 
-3.795984 -3.259847 
-3.715645 -3.214298 
-3.723175 -3.315811 
-3.795984 -3.259847 
-3.803514 -3.361360 
-3.723175 -3.315811 
-3.795984 -3.259847 
-3.803514 -3.361360 
-3.761462 -3.313207 
-3.795984 -3.259847 
-3.791119 -3.323943 
-3.761462 -3.313207 
-3.795984 -3.259847 
-3.791119 -3.323943 
-3.777507 -3.302551 
-3.795984 -3.259847 
-3.788932 -3.302571 
-3.777507 -3.302551 
-3.789602 -3.281204 
-3.788932 -3.302571 
-3.777507 -3.302551 
-3.789602 -3.281204 
-3.788932 -3.302571 
-3.783387 -3.297219 
-3.789602 -3.281204 
-3.784057 -3.275852 
-3.783387 -3.297219 
-3.789602 -3.281204 
-3.784057 -3.275852 
-3.785108 -3.287874 
-3.779563 -3.282522 
-3.784057 -3.275852 
-3.785108 -3.287874 
-3.779563 -3.282522 
-3.783196 -3.280525 
-3.785108 -3.287874 
-3.779563 -3.282522 
-3.783196 -3.280525 
-3.783244 -3.284698 
-3.779563 -3.282522 
-3.779611 -3.286695 
-3.783244 -3.284698 
-3.779563 -3.282522 
-3.779611 -3.286695 
-3.781415 -3.284654 
-3.779563 -3.282522 
-3.780050 -3.285142 
-3.781415 -3.284654 
-3.779563 -3.282522 
-3.780050 -3.285142 
-3.778197 -3.283010 
-3.779563 -3.282522 
-3.779465 -3.283954 
-3.778197 -3.283010 
-3.779563 -3.282522 
-3.779465 -3.283954 
-3.778856 -3.283124 
-3.779362 -3.283030 
-3.779465 -3.283954 
-3.778856 -3.283124 
-3.779362 -3.283030 
-3.779287 -3.283515 
-3.778856 -3.283124 
-3.779362 -3.283030 
-3.779287 -3.283515 
-3.779090 -3.283198 
-3.779362 -3.283030 
-3.779256 -3.283315 
-3.779090 -3.283198 
-3.779362 -3.283030 
-3.779256 -3.283315 
-3.779199 -3.283185 
-3.779295 -3.283140 
-3.779256 -3.283315 
-3.779199 -3.283185 
-3.779295 -3.283140 
-3.779252 -3.283239 
-3.779199 -3.283185 
-3.779295 -3.283140 
-3.779252 -3.283239 
-3.779347 -3.283194 
-3.779295 -3.283140 
-3.779286 -3.283203 
-3.779347 -3.283194 
-3.779306 -3.283169 
-3.779286 -3.283203 
-3.779347 -3.283194 
-3.779306 -3.283169 
-3.779286 -3.283203 
-3.779322 -3.283190 
-3.779306 -3.283169 
-3.779300 -3.283191 
-3.779322 -3.283190 
-3.779308 -3.283180 
-3.779300 -3.283191 
-3.779322 -3.283190 
