-1.876583 -0.588876 
0.238445 1.710680 
-1.222420 -1.547841 
-1.876583 -0.588876 
0.238445 1.710680 
-0.415718 2.669645 
-1.146151 1.040385 
-0.088637 2.190163 
-0.415718 2.669645 
-0.699164 1.735144 
-0.088637 2.190163 
-0.415718 2.669645 
0.194809 3.124663 
-0.088637 2.190163 
-0.415718 2.669645 
0.194809 3.124663 
-0.099546 2.543658 
-0.415718 2.669645 
0.194809 3.124663 
-0.105000 2.720406 
-0.415718 2.669645 
-0.032775 2.909845 
-0.105000 2.720406 
-0.415718 2.669645 
-0.032775 2.909845 
-0.462740 2.928422 
-0.415718 2.669645 
-1.252137 2.577411 
-0.462740 2.928422 
-0.415718 2.669645 
-1.252137 2.577411 
-0.462740 2.928422 
-1.740878 2.919459 
-1.252137 2.577411 
-2.530276 2.568448 
-1.740878 2.919459 
-3.019017 2.910496 
-2.530276 2.568448 
-1.740878 2.919459 
-3.019017 2.910496 
-2.530276 2.568448 
-2.257762 2.829466 
-3.019017 2.910496 
-2.746504 3.171514 
-2.257762 2.829466 
-3.019017 2.910496 
-2.746504 3.171514 
-2.570261 2.935235 
-2.838700 2.981935 
-2.746504 3.171514 
-2.570261 2.935235 
-2.838700 2.981935 
-2.746504 3.171514 
-2.681432 3.005980 
-2.838700 2.981935 
-2.746504 3.171514 
-2.903772 3.147469 
-2.831919 3.070713 
-2.746504 3.171514 
-2.903772 3.147469 
-2.831919 3.070713 
-2.746504 3.171514 
-2.846492 3.134291 
-2.831919 3.070713 
-2.792855 3.137008 
-2.846492 3.134291 
-2.825796 3.103182 
-2.792855 3.137008 
-2.846492 3.134291 
-2.825796 3.103182 
-2.792855 3.137008 
-2.827909 3.127193 
-2.818089 3.117641 
-2.792855 3.137008 
-2.827909 3.127193 
-2.818089 3.117641 
-2.792855 3.137008 
-2.816690 3.127259 
-2.811431 3.124887 
-2.792855 3.137008 
-2.816690 3.127259 
-2.811431 3.124887 
-2.803458 3.131541 
-2.816690 3.127259 
-2.811431 3.124887 
-2.803458 3.131541 
-2.798198 3.129169 
-2.806129 3.127621 
-2.803458 3.131541 
-2.798198 3.129169 
-2.806129 3.127621 
-2.803458 3.131541 
-2.801496 3.129375 
-2.804303 3.129039 
-2.803458 3.131541 
-2.801496 3.129375 
-2.804303 3.129039 
-2.803458 3.131541 
-2.806265 3.131205 
-2.804582 3.130206 
-2.803458 3.131541 
-2.806265 3.131205 
-2.804582 3.130206 
-2.804440 3.131123 
-2.806265 3.131205 
-2.804967 3.130685 
-2.804440 3.131123 
-2.806265 3.131205 
-2.804967 3.130685 
-2.804440 3.131123 
-2.805484 3.131055 
-2.804957 3.131493 
-2.804440 3.131123 
-2.805484 3.131055 
-2.804957 3.131493 
-2.804831 3.131198 
-2.805484 3.131055 
-2.804957 3.131493 
-2.804831 3.131198 
-2.805189 3.131200 
-2.804957 3.131493 
-2.804952 3.131272 
-2.805189 3.131200 
-2.805014 3.131364 
-2.804952 3.131272 
-2.805189 3.131200 
-2.805014 3.131364 
-2.805251 3.131292 
-2.805189 3.131200 
-2.805014 3.131364 
-2.805251 3.131292 
-2.805161 3.131264 
-2.805014 3.131364 
-2.805169 3.131303 
-2.805161 3.131264 
-2.805090 3.131324 
-2.805169 3.131303 
-2.805161 3.131264 
-2.805090 3.131324 
-2.805169 3.131303 
-2.805145 3.131289 
-2.805090 3.131324 
-2.805143 3.131305 
-2.805145 3.131289 
-2.805090 3.131324 
-2.805143 3.131305 
-2.805131 3.131302 
