0.397843 7.371614 
0.935758 1.901286 
9.239236 3.110509 
0.397843 7.371614 
0.935758 1.901286 
4.953018 3.873480 
5.490933 -1.596849 
0.935758 1.901286 
4.953018 3.873480 
5.490933 -1.596849 
0.935758 1.901286 
1.473672 -3.569042 
-3.081503 -0.070907 
0.935758 1.901286 
1.473672 -3.569042 
-3.081503 -0.070907 
0.935758 1.901286 
0.200400 -1.326926 
-3.081503 -0.070907 
0.935758 1.901286 
-2.346145 3.157305 
-1.893348 1.229194 
0.935758 1.901286 
-2.346145 3.157305 
-1.299271 1.879245 
0.935758 1.901286 
-2.346145 3.157305 
-0.111116 3.179346 
0.935758 1.901286 
-2.346145 3.157305 
-0.111116 3.179346 
-0.146437 2.534806 
-2.346145 3.157305 
-0.111116 3.179346 
-2.310825 3.801846 
-2.346145 3.157305 
-1.219801 3.329461 
-2.310825 3.801846 
-2.346145 3.157305 
-3.437169 3.629690 
-2.310825 3.801846 
-2.346145 3.157305 
-3.437169 3.629690 
-3.472489 2.985150 
-2.346145 3.157305 
-2.381465 2.512765 
-3.472489 2.985150 
-2.346145 3.157305 
-2.381465 2.512765 
-2.918147 2.910092 
-2.346145 3.157305 
-2.506806 2.773232 
-2.918147 2.910092 
-2.346145 3.157305 
-2.757487 3.294166 
-2.918147 2.910092 
-2.346145 3.157305 
-2.757487 3.294166 
-2.918147 2.910092 
-2.591981 3.129717 
-2.757487 3.294166 
-2.796440 3.061017 
-2.591981 3.129717 
-2.757487 3.294166 
-2.796440 3.061017 
-2.961946 3.225466 
-2.818340 3.218704 
-2.796440 3.061017 
-2.961946 3.225466 
-2.818340 3.218704 
-2.796440 3.061017 
-2.884668 3.182663 
-2.829447 3.170272 
-2.796440 3.061017 
-2.884668 3.182663 
-2.829447 3.170272 
-2.796440 3.061017 
-2.848806 3.149154 
-2.829447 3.170272 
-2.817784 3.110365 
-2.848806 3.149154 
-2.831371 3.150015 
-2.817784 3.110365 
-2.848806 3.149154 
-2.831371 3.150015 
-2.817784 3.110365 
-2.800348 3.111227 
-2.820218 3.130406 
-2.817784 3.110365 
-2.800348 3.111227 
-2.820218 3.130406 
-2.802783 3.131267 
-2.800348 3.111227 
-2.820218 3.130406 
-2.802783 3.131267 
-2.805925 3.121032 
-2.812286 3.128278 
-2.802783 3.131267 
-2.805925 3.121032 
-2.812286 3.128278 
-2.802783 3.131267 
-2.806730 3.125402 
-2.808521 3.128306 
-2.802783 3.131267 
-2.806730 3.125402 
-2.808521 3.128306 
-2.802783 3.131267 
-2.804575 3.134172 
-2.806100 3.130513 
-2.802783 3.131267 
-2.804575 3.134172 
-2.806100 3.130513 
-2.802783 3.131267 
-2.804508 3.132531 
-2.806100 3.130513 
-2.804044 3.131395 
-2.804508 3.132531 
-2.806100 3.130513 
-2.804044 3.131395 
-2.804790 3.131742 
-2.805259 3.131041 
-2.804044 3.131395 
-2.804790 3.131742 
-2.805259 3.131041 
-2.804534 3.131393 
-2.804790 3.131742 
-2.805259 3.131041 
-2.805515 3.131390 
-2.804790 3.131742 
-2.805259 3.131041 
-2.805515 3.131390 
-2.805089 3.131479 
-2.805259 3.131041 
-2.805344 3.131325 
-2.805089 3.131479 
-2.805238 3.131221 
-2.805344 3.131325 
-2.805089 3.131479 
-2.805238 3.131221 
-2.804982 3.131375 
-2.805089 3.131479 
-2.805238 3.131221 
-2.804982 3.131375 
-2.805099 3.131389 
-2.805139 3.131302 
-2.804982 3.131375 
-2.805099 3.131389 
-2.805139 3.131302 
-2.805050 3.131360 
-2.805099 3.131389 
-2.805139 3.131302 
-2.805050 3.131360 
-2.805090 3.131273 
-2.805139 3.131302 
-2.805083 3.131324 
-2.805090 3.131273 
-2.805139 3.131302 
-2.805083 3.131324 
-2.805101 3.131293 
-2.805139 3.131302 
-2.805101 3.131310 
-2.805101 3.131293 
-2.805139 3.131302 
-2.805101 3.131310 
-2.805140 3.131319 
