1.003365 0.101329 
-0.356955 1.555771 
-1.539216 1.412006 
1.003365 0.101329 
-0.178897 -0.042436 
-1.539216 1.412006 
1.003365 0.101329 
-0.178897 -0.042436 
-0.563491 0.720727 
0.316086 0.220237 
-0.178897 -0.042436 
-0.563491 0.720727 
0.316086 0.220237 
-0.178897 -0.042436 
-0.247448 0.404814 
0.316086 0.220237 
-0.178897 -0.042436 
-0.089427 0.246857 
0.316086 0.220237 
-0.178897 -0.042436 
-0.010416 0.167879 
0.316086 0.220237 
-0.178897 -0.042436 
0.147605 0.009923 
0.316086 0.220237 
0.026474 0.036322 
0.147605 0.009923 
0.201563 0.121680 
0.026474 0.036322 
0.147605 0.009923 
0.144301 0.072401 
0.026474 0.036322 
0.147605 0.009923 
0.144301 0.072401 
0.265432 0.046002 
0.147605 0.009923 
0.175410 0.050182 
0.265432 0.046002 
0.147605 0.009923 
0.175410 0.050182 
0.265432 0.046002 
0.366052 0.124430 
0.245576 0.067699 
0.265432 0.046002 
0.366052 0.124430 
0.245576 0.067699 
0.346197 0.146127 
0.366052 0.124430 
0.466673 0.202858 
0.346197 0.146127 
0.366052 0.124430 
0.466673 0.202858 
0.381280 0.154885 
0.366052 0.124430 
0.466673 0.202858 
0.381280 0.154885 
0.539824 0.287755 
0.466673 0.202858 
0.442264 0.200096 
0.539824 0.287755 
0.466673 0.202858 
0.564233 0.290517 
0.539824 0.287755 
0.637384 0.375414 
0.564233 0.290517 
0.539824 0.287755 
0.637384 0.375414 
0.637346 0.413720 
0.539824 0.287755 
0.612984 0.363076 
0.637346 0.413720 
0.539824 0.287755 
0.612984 0.363076 
0.637346 0.413720 
0.710506 0.489041 
0.795810 0.627989 
0.637346 0.413720 
0.710506 0.489041 
0.795810 0.627989 
0.695252 0.486117 
0.710506 0.489041 
0.795810 0.627989 
0.695252 0.486117 
0.780555 0.625066 
0.795810 0.627989 
0.881113 0.766938 
0.780555 0.625066 
0.795810 0.627989 
0.881113 0.766938 
0.809509 0.661265 
0.944313 0.886326 
0.881113 0.766938 
0.809509 0.661265 
0.944313 0.886326 
0.881113 0.766938 
0.861111 0.743948 
0.944313 0.886326 
0.924310 0.863336 
0.861111 0.743948 
0.944313 0.886326 
0.924310 0.863336 
1.007513 1.005713 
0.944313 0.886326 
0.950112 0.904678 
1.007513 1.005713 
0.944313 0.886326 
0.950112 0.904678 
0.977362 0.950607 
0.983161 0.968959 
0.950112 0.904678 
0.977362 0.950607 
0.983161 0.968959 
0.965187 0.932230 
0.977362 0.950607 
0.983161 0.968959 
0.965187 0.932230 
0.975768 0.950601 
0.983161 0.968959 
0.993743 0.987330 
0.975768 0.950601 
0.983958 0.968963 
0.993743 0.987330 
0.975768 0.950601 
0.983958 0.968963 
0.993743 0.987330 
0.982309 0.964374 
0.983958 0.968963 
0.993743 0.987330 
0.995392 0.991919 
1.005176 1.010286 
0.993743 0.987330 
0.995392 0.991919 
1.005176 1.010286 
0.993743 0.987330 
0.997425 0.995364 
1.005176 1.010286 
0.997522 0.995078 
0.997425 0.995364 
1.005176 1.010286 
0.997522 0.995078 
0.999387 0.999023 
1.001815 1.003668 
0.997522 0.995078 
0.999387 0.999023 
1.001815 1.003668 
0.997522 0.995078 
0.999950 0.999723 
1.001815 1.003668 
0.999202 0.998387 
0.999950 0.999723 
1.000695 1.001362 
0.999202 0.998387 
0.999950 0.999723 
1.000695 1.001362 
0.999202 0.998387 
0.999949 0.999799 
1.000695 1.001362 
0.999202 0.998387 
0.999948 0.999950 
1.000695 1.001362 
0.999762 0.999521 
0.999948 0.999950 
1.000275 1.000548 
0.999762 0.999521 
0.999948 0.999950 
1.000275 1.000548 
0.999762 0.999521 
0.999983 0.999992 
1.000074 1.000153 
0.999762 0.999521 
0.999983 0.999992 
